-1.10441e-029	5.09422	-7.68564e-015	4.80773	2.19669	
-1.10441e-029	5.09422	-7.68564e-015	4.80773	2.19669	-1.10441e-029	5.09422	-7.68564e-015	4.80773	2.19669	
-1.10441e-029	5.09422	-7.68564e-015	4.80773	2.19669	-1.10441e-029	5.09422	-7.68564e-015	4.80773	2.19669	-1.10441e-029	5.09422	-7.68564e-015	4.80773	2.19669	
-1.10441e-029	5.09422	-7.68564e-015	4.80773	2.19669	-1.10441e-029	5.09422	-7.68564e-015	4.80773	2.19669	-1.10441e-029	5.09422	-7.68564e-015	4.80773	2.19669	-1.10441e-029	5.09422	-7.68564e-015	4.80773	2.19669	
-1.10441e-029	5.09422	-7.68564e-015	4.80773	2.19669	-1.10441e-029	5.09422	-7.68564e-015	4.80773	2.19669	-1.10441e-029	5.09422	-7.68564e-015	4.80773	2.19669	-1.10441e-029	5.09422	-7.68564e-015	4.80773	2.19669	-1.73549e-029	5.09422	-7.68564e-015	4.80773	2.19669	
-1.10441e-029	5.09422	-7.68564e-015	4.80773	2.19669	-1.10441e-029	5.09422	-7.68564e-015	4.80773	2.19669	-1.10441e-029	5.09422	-7.68564e-015	4.80773	2.19669	-1.10441e-029	5.09422	-7.68564e-015	4.80773	2.19669	-1.73549e-029	5.09422	-7.68564e-015	4.80773	2.19669	-1.73549e-029	5.09422	-7.68564e-015	4.80773	2.19669	
-1.10441e-029	5.09422	-7.68564e-015	4.80773	2.19669	-1.10441e-029	5.09422	-7.68564e-015	4.80773	2.19669	-1.10441e-029	5.09422	-7.68564e-015	4.80773	2.19669	-1.10441e-029	5.09422	-7.68564e-015	4.80773	2.19669	-1.73549e-029	5.09422	-7.68564e-015	4.80773	2.19669	-1.73549e-029	5.09422	-7.68564e-015	4.80773	2.19669	-2.36658e-029	5.09422	-7.68564e-015	4.80773	2.19669	
-1.10441e-029	5.09422	-7.68564e-015	4.80773	2.19669	-1.10441e-029	5.09422	-7.68564e-015	4.80773	2.19669	-1.10441e-029	5.09422	-7.68564e-015	4.80773	2.19669	-1.10441e-029	5.09422	-7.68564e-015	4.80773	2.19669	-1.73549e-029	5.09422	-7.68564e-015	4.80773	2.19669	-1.73549e-029	5.09422	-7.68564e-015	4.80773	2.19669	-2.36658e-029	5.09422	-7.68564e-015	4.80773	2.19669	-2.99767e-029	5.09422	-7.68564e-015	4.80773	2.19669	
-1.10441e-029	5.09422	-7.68564e-015	4.80773	2.19669	-1.10441e-029	5.09422	-7.68564e-015	4.80773	2.19669	-1.10441e-029	5.09422	-7.68564e-015	4.80773	2.19669	-1.10441e-029	5.09422	-7.68564e-015	4.80773	2.19669	-1.73549e-029	5.09422	-7.68564e-015	4.80773	2.19669	-1.73549e-029	5.09422	-7.68564e-015	4.80773	2.19669	-2.36658e-029	5.09422	-7.68564e-015	4.80773	2.19669	-2.99767e-029	5.09422	-7.68564e-015	4.80773	2.19669	-3.62876e-029	5.09422	-7.68564e-015	4.80773	2.19669	
-1.10441e-029	5.09422	-7.68564e-015	4.80773	2.19669	-1.10441e-029	5.09422	-7.68564e-015	4.80773	2.19669	-1.10441e-029	5.09422	-7.68564e-015	4.80773	2.19669	-1.10441e-029	5.09422	-7.68564e-015	4.80773	2.19669	-1.73549e-029	5.09422	-7.68564e-015	4.80773	2.19669	-1.73549e-029	5.09422	-7.68564e-015	4.80773	2.19669	-2.36658e-029	5.09422	-7.68564e-015	4.80773	2.19669	-2.99767e-029	5.09422	-7.68564e-015	4.80773	2.19669	-3.62876e-029	5.09422	-7.68564e-015	4.80773	2.19669	-4.25985e-029	5.09422	-7.68564e-015	4.80773	2.19669	
-1.10441e-029	5.09422	-7.68564e-015	4.80773	2.19669	-1.10441e-029	5.09422	-7.68564e-015	4.80773	2.19669	-1.10441e-029	5.09422	-7.68564e-015	4.80773	2.19669	-1.10441e-029	5.09422	-7.68564e-015	4.80773	2.19669	-1.73549e-029	5.09422	-7.68564e-015	4.80773	2.19669	-1.73549e-029	5.09422	-7.68564e-015	4.80773	2.19669	-2.36658e-029	5.09422	-7.68564e-015	4.80773	2.19669	-2.99767e-029	5.09422	-7.68564e-015	4.80773	2.19669	-3.62876e-029	5.09422	-7.68564e-015	4.80773	2.19669	-4.25985e-029	5.09422	-7.68564e-015	4.80773	2.19669	-5.52203e-029	5.09422	-7.68564e-015	4.80773	2.19669	
